HouseName=Zero_Coo's House
Owner=Zero_Coo
HouseStorage=0
HouseSalePrice=1000000
HouseInterior=0
HouseForSale=0
Price=3500000
HousePrivacy=1
HousePassword=686687450
CpX=1093.873168
CpY=-807.143615
CpZ=107.419700
SpawnOutX=1093.357666
SpawnOutY=-804.697326
SpawnOutZ=107.419700
SpawnOutAngle=371.898742
vModel=415
vX=1100.310546
vY=-821.526428
vZ=86.716537
vAng=277.283935
