HouseName=Dome Lijepi Dome
Owner=Zero_Cool
HouseStorage=3000000
HouseSalePrice=2500000
HouseInterior=0
HouseForSale=0
Price=2500000
HousePrivacy=0
HousePassword=142934576
CpX=1034.831176
CpY=-813.177368
CpZ=101.851562
SpawnOutX=1033.916259
SpawnOutY=-810.850830
SpawnOutZ=101.851562
SpawnOutAngle=381.467163
