HouseName=House For Sale!
Owner=No Owner
HouseStorage=0
HouseSalePrice=3600000
HouseInterior=0
HouseForSale=1
Price=3600000
HousePrivacy=0
HousePassword=686687450
CpX=1442.662475
CpY=-628.831359
CpZ=95.718566
SpawnOutX=1442.642944
SpawnOutY=-631.331298
SpawnOutZ=95.718566
SpawnOutAngle=539.553222
