HouseName=House For Sale!
Owner=No Owner
HouseStorage=0
HouseSalePrice=2605000
HouseInterior=0
HouseForSale=1
Price=2605000
HousePrivacy=0
HousePassword=686687450
CpX=1527.800903
CpY=-772.567871
CpZ=80.578125
SpawnOutX=1525.966796
SpawnOutY=-774.266723
SpawnOutZ=80.578125
SpawnOutAngle=492.808441
