HouseName=House For Sale!
Owner=No Owner
HouseStorage=0
HouseSalePrice=2405000
HouseInterior=0
HouseForSale=1
Price=2405000
HousePrivacy=0
HousePassword=686687450
CpX=1540.468383
CpY=-851.455383
CpZ=64.336059
SpawnOutX=1537.971191
SpawnOutY=-851.573181
SpawnOutZ=64.336059
SpawnOutAngle=452.701416
