HouseName=House For Sale!
Owner=No Owner
HouseStorage=0
HouseSalePrice=2500300
HouseInterior=0
HouseForSale=1
Price=2500300
HousePrivacy=0
HousePassword=686687450
CpX=1421.855102
CpY=-886.216857
CpZ=50.685855
SpawnOutX=1421.746704
SpawnOutY=-883.719177
SpawnOutZ=50.685855
SpawnOutAngle=362.483978
