HouseName=House For Sale!
Owner=No Owner
HouseStorage=0
HouseSalePrice=10000000
HouseInterior=0
HouseForSale=1
Price=10000000
HousePrivacy=0
HousePassword=686687450
CpX=298.790161
CpY=-1338.544311
CpZ=53.441505
SpawnOutX=297.277252
SpawnOutY=-1336.554077
SpawnOutZ=53.441505
SpawnOutAngle=397.240905
