HouseName=House For Sale!
Owner=No Owner
HouseStorage=0
HouseSalePrice=2800000
HouseInterior=0
HouseForSale=1
Price=2800000
HousePrivacy=0
HousePassword=686687450
CpX=142.620773
CpY=-1470.364868
CpZ=25.210937
SpawnOutX=143.910858
SpawnOutY=-1468.223388
SpawnOutZ=25.210937
SpawnOutAngle=328.933471
