HouseName=House For Sale!
Owner=No Owner
HouseStorage=0
HouseSalePrice=1940000
HouseInterior=0
HouseForSale=1
Price=1940000
HousePrivacy=0
HousePassword=686687450
CpX=989.854064
CpY=-828.623046
CpZ=95.468574
SpawnOutX=988.727111
SpawnOutY=-826.391479
SpawnOutZ=95.468574
SpawnOutAngle=386.793853
