HouseName=House For Sale!
Owner=No Owner
HouseStorage=0
HouseSalePrice=1900000
HouseInterior=0
HouseForSale=1
Price=1900000
HousePrivacy=0
HousePassword=686687450
CpX=937.855651
CpY=-848.713745
CpZ=93.578048
SpawnOutX=936.720092
SpawnOutY=-846.486511
SpawnOutZ=93.578048
SpawnOutAngle=387.015075
