HouseName=House For Sale!
Owner=No Owner
HouseStorage=0
HouseSalePrice=1960000
HouseInterior=0
HouseForSale=1
Price=1960000
HousePrivacy=0
HousePassword=686687450
CpX=724.788024
CpY=-999.426513
CpZ=52.734375
SpawnOutX=725.929809
SpawnOutY=-997.202514
SpawnOutZ=52.734375
SpawnOutAngle=332.824462
