HouseName=House For Sale!
Owner=No Owner
HouseStorage=0
HouseSalePrice=2100000
HouseInterior=0
HouseForSale=1
Price=2100000
HousePrivacy=0
HousePassword=686687450
CpX=700.304382
CpY=-1060.254394
CpZ=49.421691
SpawnOutX=698.188720
SpawnOutY=-1058.922485
SpawnOutZ=49.421691
SpawnOutAngle=417.806518
