HouseName=House For Sale!
Owner=No Owner
HouseStorage=0
HouseSalePrice=2000000
HouseInterior=0
HouseForSale=1
Price=2000000
HousePrivacy=0
HousePassword=686687450
CpX=646.020935
CpY=-1117.392333
CpZ=44.207038
SpawnOutX=644.254394
SpawnOutY=-1115.623291
SpawnOutZ=44.207038
SpawnOutAngle=404.959716
