HouseName=House For Sale!
Owner=No Owner
HouseStorage=0
HouseSalePrice=1500000
HouseInterior=0
HouseForSale=1
Price=1500000
HousePrivacy=0
HousePassword=686687450
CpX=558.874633
CpY=-1161.019531
CpZ=54.429687
SpawnOutX=557.534118
SpawnOutY=-1158.909301
SpawnOutZ=54.429687
SpawnOutAngle=392.426300
