HouseName=House For Sale!
Owner=No Owner
HouseStorage=0
HouseSalePrice=3700000
HouseInterior=0
HouseForSale=1
Price=3700000
HousePrivacy=0
HousePassword=686687450
CpX=497.528533
CpY=-1095.074340
CpZ=82.359191
SpawnOutX=497.904266
SpawnOutY=-1092.602783
SpawnOutZ=82.359191
SpawnOutAngle=351.355834
