HouseName=Zero_Cool's House
Owner=Zero_Cool
HouseStorage=0
HouseSalePrice=3600000
HouseInterior=0
HouseForSale=0
Price=3600000
HousePrivacy=0
HousePassword=686687450
CpX=559.052978
CpY=-1076.447143
CpZ=72.921989
SpawnOutX=557.759826
SpawnOutY=-1074.307617
SpawnOutZ=72.921989
SpawnOutAngle=391.149475
