Password=Kaneki212
Darah=100.000000
Armour=0.000000
POSX=1682.608398
POSY=-2327.894042
POSZ=13.546899
ANGLE=3.433500
Interior=0
VirtualWorld=0
Skin=98
