Password=Kaneki212
Date=0.000000
Darah=100.000000
Armour=0.000000
POSX=1688.883178
POSY=-2303.869873
POSZ=14.497224
ANGLE=226.499191
Interior=0
VirtualWorld=0
Skin=0
