Password=Kaneki212
Darah=100.000000
Armour=0.000000
POSX=132.000000
POSY=-67.291175
POSZ=1.578125
ANGLE=0.000000
Interior=0
VirtualWorld=0
Skin=0
